-4.470784296209700415e+00 1.012004716251016667e+01
-4.605368503758176857e+00 1.067226795976043796e+01
-4.237712400934807278e+00 9.706816636037077117e+00
-4.411943171712020551e+00 9.954592837510690018e+00
-4.626925251497663538e+00 1.012317955058151142e+01
-4.451736423601231785e+00 1.043628205208889170e+01
-4.165628076395295309e+00 1.003650250494784935e+01
-4.159770323105665746e+00 1.010010229821227945e+01
-3.743695469971910050e+00 9.938452520870260543e+00
-3.996988780413820219e+00 9.743771278209482745e+00
-4.755795934649213130e+00 1.019608557863210763e+01
-3.629558029231036986e+00 9.777350493878067539e+00
-3.106952400682505555e+00 9.563690297620370373e+00
-3.673141131678252957e+00 9.943844844992250742e+00
-3.126024821551048216e+00 1.044080763097008635e+01
-3.438364257139410185e+00 1.011344875588065229e+01
-3.650174108127417938e+00 9.405761059532821378e+00
-3.387201927626128484e+00 1.004690469073119452e+01
-2.812730977599865234e+00 1.036071395463532419e+01
-3.197006126030466522e+00 9.909309174827399147e+00
-3.294363869318107430e+00 9.573994618846308313e+00
-3.390668935975382769e+00 1.058523261856953646e+01
-2.930673432303273707e+00 9.868577709516644703e+00
-3.052606284782654722e+00 1.023324710674957316e+01
-3.059926930024960967e+00 9.936177915935809679e+00
-2.743387443105577361e+00 1.011607074935777817e+01
-2.526978915008035731e+00 9.645810344763276589e+00
-2.281181941228869192e+00 1.012849956115912597e+01
-2.151762005002221478e+00 1.009074156932193489e+01
-2.261003698811359985e+00 9.891177650203857752e+00
-2.171435104029755259e+00 9.892134051537837536e+00
-2.112630753300205111e+00 9.482115219300496278e+00
-1.714448925000641832e+00 9.879465719137520807e+00
-2.155726170756479654e+00 1.013883467665773175e+01
-1.837846074971538401e+00 1.001558361873884095e+01
-1.245919295993203502e+00 1.003869487322722343e+01
-1.021816158273373576e+00 9.629552253893903568e+00
-1.141923770272997851e+00 9.794556972717906262e+00
-1.422855306370726325e+00 9.826345100570675228e+00
-1.154071820244272351e+00 1.001684960266892332e+01
-1.309140911830966258e+00 1.027024794608625591e+01
-7.188871266667210547e-01 9.539126894116833455e+00
-3.111000994370778927e-01 1.056876675280917510e+01
-3.029317852177613735e-01 9.946022549256294809e+00
-8.767813420087180454e-01 1.031633551807934168e+01
-5.754985386374089629e-01 1.036673352111472823e+01
-2.910528601122956971e-01 1.029299171094511323e+01
-1.456153333729320321e-01 1.021197195045758477e+01
-1.483651452989052377e-01 1.053576114817175124e+01
-1.243142269396418920e-02 1.012059680903340997e+01
6.154502596219264543e-01 9.595672281657266822e+00
-2.296303480305686984e-01 1.029081901244740394e+01
-9.941176900899534319e-02 1.058308635569478717e+01
2.294496593074296098e-01 9.775763556567772739e+00
1.031428062489569530e+00 1.044415443743032768e+01
1.115823243683526256e+00 1.027181339748261557e+01
3.981979510492458241e-01 1.057301948592970930e+01
6.771747462903436876e-01 1.024073691873891789e+01
1.142761448917982481e+00 9.953496972072748861e+00
1.143819770699783467e+00 1.027666200146995834e+01
1.173533719952749355e+00 9.670179762824741232e+00
1.251087613877978511e+00 1.039791576900610970e+01
1.054255904706852487e+00 9.955109637901697894e+00
1.233090298119872141e+00 1.055477911854380224e+01
1.666334891750195224e+00 1.012223855087233382e+01
1.334681743322970959e+00 1.016177475738754588e+01
1.464366868469454186e+00 1.000954916748230517e+01
1.576922944163102969e+00 1.020292998848394994e+01
2.041664113671350922e+00 9.937510373326601254e+00
2.088498983495463257e+00 9.672081547380848576e+00
1.623329792895389367e+00 1.013181751037936174e+01
2.221719220328929989e+00 1.019050943106763185e+01
2.987670705186455056e+00 1.028334384609712338e+01
2.099890706104126092e+00 1.033510488642875558e+01
2.079975251594018637e+00 9.861524618555586486e+00
2.555285094160185899e+00 1.051400281649480917e+01
2.453341230153144537e+00 9.752068438402295314e+00
2.748242020450148093e+00 9.800956514091367922e+00
3.216778655419830990e+00 9.676020547490972845e+00
2.635557384074648457e+00 9.868653986576669368e+00
2.931398345600389810e+00 1.057885961614509540e+01
3.466644423895909988e+00 1.002626537241555660e+01
2.915197627179231699e+00 1.025330889292046344e+01
3.083773779621514777e+00 9.536568670966715899e+00
3.841257422554174905e+00 1.009508278357745503e+01
3.862116232992832021e+00 1.009561829588290571e+01
3.943917870439494155e+00 9.804692322009955774e+00
3.477605935343447641e+00 1.020447835548448801e+01
3.647865989636736916e+00 9.793135066674940603e+00
3.853239238843786829e+00 1.000524374770751734e+01
3.984710917533044849e+00 9.587514611974594203e+00
3.998833671069324858e+00 9.332979054332671609e+00
4.480498728237448880e+00 9.519382703317976535e+00
4.062624392110858906e+00 1.001564952377829165e+01
4.273080596032101219e+00 1.046290437862202083e+01
4.208102523042560605e+00 1.008011526080475484e+01
4.685184851501448478e+00 9.649571950677641397e+00
4.954962796139323444e+00 9.948536100633326384e+00
5.130527064354000188e+00 1.024705124618911967e+01
5.648970784784206778e+00 1.040095838483091839e+01
-5.110754551382733268e+00 -1.007181375327277806e+01
-4.569092020223765260e+00 -9.803420880783221492e+00
-4.605940340150519674e+00 -1.048508681329325043e+01
-4.704267534289377828e+00 -1.022140927276170608e+01
-4.511982216246624766e+00 -1.002944511689288731e+01
-4.221895822521717356e+00 -9.904834535442608612e+00
-4.158041005306700733e+00 -1.013992572902078315e+01
-4.576263169704768430e+00 -1.012301490796076386e+01
-4.197025316077624524e+00 -9.886254479333475231e+00
-3.413116405701835276e+00 -1.001267714549819310e+01
-4.276682490046822771e+00 -1.010379453270981642e+01
-4.027967681282716761e+00 -9.855555557867960559e+00
-4.250117892212175619e+00 -9.981021401739900156e+00
-3.639916725479074078e+00 -9.930345689139917553e+00
-3.765053406548194648e+00 -1.007137651892080221e+01
-3.912066757543244400e+00 -1.014799596500865775e+01
-3.546696826643399358e+00 -9.875184986121572805e+00
-3.629683012374856688e+00 -9.765640569487002765e+00
-2.733472818470771060e+00 -1.062099550750405896e+01
-2.952930461574650778e+00 -9.796927589490925570e+00
-3.171029087463648199e+00 -1.011918154429863925e+01
-2.918652052063965385e+00 -1.008933726382051788e+01
-2.870481668491914551e+00 -1.050280114189899372e+01
-2.331068207332740894e+00 -9.676114422388954139e+00
-2.819766853518836491e+00 -1.043992729834075384e+01
-2.318428011811647149e+00 -1.017273639094391946e+01
-2.331151424741139788e+00 -1.009579852514352893e+01
-2.065265647406216765e+00 -9.791575256903199076e+00
-2.389396385256246980e+00 -1.041500918661851571e+01
-2.545588589907595622e+00 -9.816886186267838710e+00
-2.326354747032178594e+00 -1.015204490628960698e+01
-2.047581080222021566e+00 -1.001577018888086457e+01
-2.348560709430719928e+00 -9.943366420961851304e+00
-1.509499359516404793e+00 -9.973473373886601934e+00
-1.658922417166107222e+00 -9.970779950119364798e+00
-1.344932560954425593e+00 -1.083177782692799518e+01
-7.768626711611554825e-01 -9.882972003193621902e+00
-1.458348837342368531e+00 -1.011728601255627957e+01
-1.013493628411405334e+00 -1.003483118171030952e+01
-1.669811400940508950e+00 -9.380652141592204174e+00
-9.927581567657011163e-01 -9.693948186485259910e+00
-1.066200812921176411e+00 -9.539086883726261235e+00
-6.716726509080739316e-01 -9.817346849657365482e+00
-9.701416664097429754e-01 -9.636656413095190388e+00
-3.486101061951188407e-01 -9.609446131130500390e+00
-6.429717224379286611e-01 -1.014430813553823718e+01
3.376396557698286838e-01 -1.031800474681646484e+01
-2.933101627287488244e-01 -9.658932591219191011e+00
-1.221976612006946961e-01 -9.825113896074011421e+00
-1.703397592839127062e-01 -9.888983233645744164e+00
-3.414530050155448193e-01 -9.502560796114543962e+00
1.160659379765804633e-01 -1.020405346119905587e+01
4.524401771348268708e-01 -1.013821593621656625e+01
-4.674218788547218617e-02 -1.040401525173926700e+01
6.626774003524938950e-01 -1.004787203144388030e+01
5.154450876550236149e-01 -9.676676858207121867e+00
3.185179139386335456e-01 -1.021920332585944813e+01
6.421118148213751375e-01 -9.971694523204877925e+00
8.459344231986843932e-01 -1.008606615771697257e+01
9.411080389672651370e-01 -1.003219158288735180e+01
8.447247440405226682e-01 -1.024389789656622263e+01
1.243971068933343638e+00 -1.026727452489865833e+01
9.154196848690060451e-01 -1.009368767533770850e+01
1.316336258787218494e+00 -9.322982950810537517e+00
1.253236381889594409e+00 -9.717021782509151606e+00
1.789813065917955193e+00 -1.035668348656112059e+01
1.898642559887446790e+00 -1.035516419205799465e+01
9.699250962777450358e-01 -9.818104142692185121e+00
1.341919693655552859e+00 -9.864719661458225985e+00
1.764493700375804774e+00 -9.502134761143038233e+00
2.391259890501873819e+00 -1.013601574115541659e+01
1.965365888408566519e+00 -1.036422322092823656e+01
2.140450483039495033e+00 -1.008410664855535188e+01
2.264329310419868069e+00 -9.952988843418291154e+00
2.648303924066138570e+00 -9.895103662902048569e+00
2.346514398585642258e+00 -1.043133744214047276e+01
3.086127231198418031e+00 -1.020683475536498186e+01
2.582089697797271821e+00 -1.015635679369033362e+01
2.325867013740884559e+00 -1.014339220121214602e+01
2.835901235595594816e+00 -9.813892510496946997e+00
3.290345225540282303e+00 -9.998868733274118625e+00
3.461372694052472720e+00 -9.898010504859621861e+00
3.278123649347515656e+00 -9.951721549510532228e+00
3.326642335763964287e+00 -1.011845485421003588e+01
3.404528423780294411e+00 -1.033840339944100251e+01
3.669991097453475515e+00 -1.029793708327887458e+01
3.939358066090777655e+00 -1.007483757404828495e+01
3.802727282373814521e+00 -9.851848967115712341e+00
4.081883228407767739e+00 -1.047118702259003520e+01
3.927827887049798239e+00 -9.735946326375765736e+00
3.581477345079413510e+00 -9.883815857381481607e+00
3.515249923098535234e+00 -1.030675205309068154e+01
4.304518458481348731e+00 -1.049701453069658541e+01
4.098286172634149516e+00 -1.044155050223907644e+01
4.989389974611762923e+00 -9.950731673353800488e+00
4.766146679315395929e+00 -1.006680253015454696e+01
4.590940172342537373e+00 -1.048494225659531054e+01
4.710428589155438495e+00 -1.022844766354348778e+01
5.156367076277600603e+00 -9.657669440002727868e+00
5.439973614672252822e+00 -9.744234418161630273e+00
4.820403818923104211e+00 -5.334769095788118420e+00
5.229998954493526142e+00 -4.792102053748211965e+00
4.469438464796890997e+00 -4.691335260156666465e+00
5.244355946746360075e+00 -4.679292020215208403e+00
4.944483898697197510e+00 -4.838254142244502454e+00
4.566039590130984038e+00 -4.254860110147486552e+00
4.907265666568487283e+00 -4.463979392402501745e+00
5.519816356075740060e+00 -4.087578960871535827e+00
5.111247500384330955e+00 -4.149300650363021425e+00
5.455998458229731618e+00 -3.575032298684232224e+00
5.278851533443858379e+00 -3.815231612479612178e+00
4.371619078638156353e+00 -3.851772314618836734e+00
4.960967913741888502e+00 -3.759692819063117586e+00
5.282913826196755203e+00 -4.508771837025554063e+00
4.829206383958944748e+00 -3.504887279376357245e+00
4.859946336184171045e+00 -3.909920318786362703e+00
5.260689046069038532e+00 -3.300776812084545764e+00
4.708668628866654160e+00 -3.188383121473535642e+00
5.246475713614938918e+00 -3.180230387928373315e+00
5.240169441029299158e+00 -3.057330028259582555e+00
4.881431305203693505e+00 -3.327624134717953375e+00
4.974220769908516360e+00 -2.820499997374147583e+00
5.262749828476199099e+00 -2.812310018323945560e+00
5.137224681866297438e+00 -2.966151280887795227e+00
4.765211253251742107e+00 -2.608874365465641887e+00
4.683611460804495863e+00 -2.228673123550070745e+00
5.138939098795582083e+00 -2.290008644419637474e+00
5.101671237564783468e+00 -1.666414204281833733e+00
4.859340743609961599e+00 -2.832149557367339199e+00
5.059790059068939527e+00 -2.085888132995570743e+00
4.844744287246879111e+00 -2.263345927504600841e+00
4.868243143459356048e+00 -1.814285339921522633e+00
4.849154989807238358e+00 -1.043940663813643255e+00
4.711848685510055645e+00 -1.904601875478967976e+00
4.313413987995641463e+00 -1.490211241150104726e+00
4.395078011660071837e+00 -1.626482854658815036e+00
4.917298839631833118e+00 -1.576554753390430275e+00
5.521661803236352917e+00 -9.643079452316128952e-01
5.395741062890472506e+00 -1.426341807181137344e+00
5.338578219354370269e+00 -9.118057767028718841e-01
5.231421784603053737e+00 -6.507643109611291887e-01
4.727371026212283667e+00 -9.858811448792295096e-01
5.258778803398535651e+00 -1.554261485468237503e+00
5.453998424771961950e+00 -4.906260373033813904e-01
4.986288811801929732e+00 -4.894032588284033536e-01
4.691019415007307458e+00 -5.595284639221864698e-01
5.330085301466112035e+00 3.587123816251253094e-02
5.808867215769073944e+00 -2.747026524093771349e-01
4.802434109958499064e+00 -3.057853412971480167e-01
4.694587437413790809e+00 -7.386147728730538264e-02
5.114819729003680315e+00 4.023236634546400320e-02
5.328904053699739407e+00 8.125041111179041875e-02
4.895764804250431368e+00 7.814470946715504351e-02
4.510209642129651364e+00 -1.167949637571823462e-01
4.646252620808693834e+00 8.449738760448823882e-01
5.268578081866978735e+00 9.680447754734522459e-01
4.600336503621649697e+00 6.597824962985054942e-02
4.801983103959774901e+00 8.103214435645661462e-01
5.149607082472948072e+00 1.172977505376273877e+00
5.085283901242164006e+00 1.482396593792648654e+00
4.933218295715503743e+00 7.866822951935217301e-01
4.495634535351669570e+00 8.949247541875268164e-01
5.072635388295537062e+00 9.960101854201728333e-01
5.281022739060577287e+00 1.787334675447596277e+00
4.289123928432019284e+00 1.723862154795758883e+00
4.328118782401478626e+00 1.686106282183652105e+00
5.367461169258097797e+00 1.686123498569739754e+00
4.616093248038728447e+00 1.592047406393435560e+00
4.921506366286729772e+00 1.814013433549885645e+00
4.939130947769999835e+00 1.936732135904175589e+00
5.064044014673050320e+00 1.708134974587104615e+00
4.927394051038934464e+00 2.627195522823882801e+00
4.884606373057244433e+00 2.139576444780713071e+00
5.323459191114271682e+00 1.605981973834144760e+00
5.354413580386485627e+00 2.285176347345924786e+00
5.049178571735775556e+00 2.604653982533934098e+00
5.282740435766117848e+00 2.596489252897072220e+00
4.796592265530664534e+00 3.167131514973107187e+00
4.290747854857645649e+00 2.884888133299452040e+00
4.595622373211264211e+00 2.751325963321011425e+00
5.603377004438940823e+00 3.067429452871324180e+00
5.058520909145414635e+00 2.647349325106504114e+00
4.781286602361591420e+00 3.341795503046917304e+00
5.106427307933965487e+00 3.568904350156367755e+00
5.002588369675272872e+00 3.642949747384882198e+00
5.136134573790704927e+00 3.036936462557227046e+00
5.011101716573044484e+00 3.917239409188498112e+00
5.176963946220356050e+00 3.678721144887550309e+00
4.758312047738189499e+00 3.553395311592399519e+00
4.960683796537576740e+00 4.329822953766906402e+00
4.414458769555519524e+00 3.892941571990240490e+00
4.658059263371967518e+00 4.427406448291342222e+00
4.833707112028609920e+00 4.151737995482855048e+00
4.934915129019005420e+00 4.527557369207833915e+00
4.882283300555108951e+00 3.581106578509516858e+00
5.162993567416255480e+00 4.727672483261208036e+00
4.934137691500636080e+00 4.371758710768117062e+00
5.105534033204407685e+00 4.911750458040473610e+00
4.858990135189737991e+00 4.833970457817238220e+00
4.720953049242703869e+00 4.946423272373801083e+00
-5.465128803525043821e+00 -4.874804353690449510e+00
-5.283310547247288547e+00 -4.827558954640204902e+00
-5.421788874880370201e+00 -4.974997091740659627e+00
-5.033146821519778769e+00 -5.195179640530476206e+00
-4.965455638057972187e+00 -4.709703864823572950e+00
-5.522706859342768837e+00 -4.885922321183189254e+00
-4.818463974775349712e+00 -4.125272598273996394e+00
-5.039572591933990431e+00 -4.171500749317144319e+00
-4.932846931006126923e+00 -4.093032297280871035e+00
-4.614204797875911979e+00 -4.543008610373372669e+00
-4.797061780291513422e+00 -4.104501676572335889e+00
-5.067277680275491747e+00 -3.979563808025409877e+00
-5.112544134998385559e+00 -4.155737645413693393e+00
-4.944998240222719943e+00 -3.185585777032029497e+00
-5.016839906134626936e+00 -3.586274098679114175e+00
-5.206189711146999244e+00 -3.520090848773918424e+00
-4.860150072189791004e+00 -3.494911116049686850e+00
-5.136141212315600058e+00 -3.161848920779308791e+00
-5.275401430945713344e+00 -3.106069193695120134e+00
-4.753903460821573113e+00 -2.672823518304235701e+00
-5.027114602183083925e+00 -2.569518807855965647e+00
-4.689677034055544702e+00 -3.177651670899198866e+00
-5.365381553477945431e+00 -2.869266869134103892e+00
-4.691319352221543504e+00 -2.698453779035678401e+00
-5.180197267297336872e+00 -2.110084621743007371e+00
-4.913928653598995666e+00 -3.170925757484697627e+00
-4.904851812112193343e+00 -2.217725189366113181e+00
-4.932317403658668553e+00 -2.137813642657675040e+00
-5.020182682676894714e+00 -2.567235932610592020e+00
-5.111211200966136126e+00 -2.354391809373958200e+00
-5.279822273238313102e+00 -2.348617474427652230e+00
-4.864253272208106438e+00 -1.839318025063080730e+00
-5.134449608804212417e+00 -1.962478145995884216e+00
-5.007026931506435297e+00 -1.342908248232919766e+00
-5.601264714649674126e+00 -1.452593609401297892e+00
-5.163713592205334990e+00 -2.030022218140298929e+00
-5.583710924949187415e+00 -1.637471411876951333e+00
-4.934147133262086093e+00 -1.144707382432235132e+00
-5.281694471803335844e+00 -8.565098641921884415e-01
-4.573104951045167788e+00 -9.417800851190925027e-01
-5.177420800342432905e+00 -6.222702042428489566e-01
-4.773381291300998086e+00 -5.983636351793836239e-01
-5.196939102491459295e+00 -1.607942109158168487e+00
-4.364962693554897299e+00 -1.139829177600636623e+00
-5.010730421558066361e+00 1.586680498103697490e-01
-4.900826973117688112e+00 -1.697715124779843321e-01
-5.450718970814513398e+00 -8.868354399554656542e-01
-5.159810837593866495e+00 7.469966780509740278e-02
-5.103874834294193086e+00 -3.899060478366009885e-01
-4.940609813016509477e+00 2.740755150381293803e-01
-5.433482059722011925e+00 -3.126578477319553184e-01
-5.236600776352809739e+00 4.799066639287787872e-01
-4.929553542215380446e+00 8.921712756963856572e-01
-4.719066282250665267e+00 3.430068004744526999e-01
-4.620476648573370149e+00 5.179945583650175100e-01
-5.211476405752233809e+00 7.595480088290860188e-01
-5.208897996158325050e+00 5.694465263244965492e-01
-4.601665191212605421e+00 7.271913117105379687e-01
-5.240942416202488907e+00 7.192845511552106164e-01
-4.693462824323398230e+00 7.938337575709405458e-01
-5.116061254055193963e+00 9.075182387159720365e-01
-4.944822351697906626e+00 1.045969233503479368e+00
-5.480550814691761197e+00 9.964719800727499521e-01
-5.279836712451931646e+00 1.736632178972909779e+00
-4.756197787367287155e+00 1.640824278466412434e+00
-5.151607495179322704e+00 1.320919103058374455e+00
-5.152255280497207046e+00 1.351102635901164861e+00
-4.250839882523897550e+00 1.094080273165346728e+00
-4.830797439477857225e+00 1.483321179289110336e+00
-5.031303047448408172e+00 1.673296386948849523e+00
-5.353288688744789248e+00 1.728648180426582526e+00
-4.473504153877382095e+00 2.131820645024293803e+00
-5.229710658343425855e+00 2.439463361952134424e+00
-4.996895205630110581e+00 2.589747501539869656e+00
-5.547276996781349112e+00 2.565828646086075526e+00
-4.768191548869285867e+00 2.077278088423206270e+00
-4.865541414673006493e+00 3.185622148616124694e+00
-5.004457311006411224e+00 3.024199558885221073e+00
-4.798828864906726999e+00 2.666536169534705625e+00
-4.988069979624051520e+00 2.509699566539498328e+00
-5.135390911130757630e+00 3.160514473297951987e+00
-4.783069851878660295e+00 3.189201819392555315e+00
-4.784004880957050787e+00 2.951956418941671156e+00
-5.030509182366461829e+00 3.389622199192307228e+00
-4.445122625996108745e+00 3.420598487988459002e+00
-5.149704991398254883e+00 3.592263953011650912e+00
-5.275734033460983241e+00 3.744694841588251499e+00
-5.109516564963877627e+00 3.250480523466432015e+00
-5.017575965340157929e+00 3.793625960709829492e+00
-5.489726990620394709e+00 3.969758743514633093e+00
-4.553193211377656091e+00 4.247300215391804024e+00
-4.816421842180652391e+00 3.789470174244279121e+00
-4.856930489323333155e+00 4.337464167343315857e+00
-4.841286428499670613e+00 4.520727980452042161e+00
-5.407934217651144237e+00 4.482529251482104904e+00
-5.227361258127549704e+00 4.580934367674148078e+00
-5.269220278070549490e+00 5.090710807111996417e+00
-5.257691716533302362e+00 4.528297151040137081e+00
-4.977624078036933852e+00 4.575860178168701609e+00
-5.127398990729859385e+00 4.751010620738611578e+00
-4.481848612760900963e+00 -9.813660045703759494e+00
7.924102636745089967e+00 3.239838955049441527e+00
-5.695040965584826864e+00 -6.072006914796295618e+00
4.354808910858097626e+00 -4.389853082679350926e+00
6.480749337639416296e+00 3.082296563130776157e+00
2.682982602834117714e+00 2.023477278071501573e+00
9.572543601195588892e-01 4.402555995885552242e+00
-2.270401812578025869e+00 4.297598671719233820e-01
3.759732938385978329e+00 2.814948592930639037e+00
-5.974934026343301952e+00 -2.502048336521319527e+00
1.264017527095772753e+00 -2.040073545199484251e+00
8.873292804866665051e+00 -1.965765973770564390e+00
-8.110922378834541924e-01 3.847150890886519292e+00
1.652663716174578745e+00 -7.263722860238461809e-01
-3.782467644403741502e+00 1.507570286983830776e+00
5.195482201891962859e+00 2.395476120491142780e+00
-3.890917607280611090e+00 8.683874784883553133e+00
-7.232889450179471602e+00 -7.913428209013945391e+00
4.802786122286141435e+00 1.129202393013450489e+00
-2.747492731520201126e+00 -5.492853637776647702e+00
1.160399919640149058e+01 5.854543607772098035e-01
2.671005854228857501e+00 1.589425486190907844e+00
2.174039788655789618e+00 2.700472302624029375e+00
3.662120048774380798e+00 -1.876112003803363404e+00
-1.458209931759222755e+00 -8.705114041794507429e+00
-3.901522032507696913e+00 1.355563982233574327e+00
5.225116877513452884e+00 2.995197631880920142e+00
-1.703461719389652185e+00 -6.315864560425771046e+00
-1.388679572713716581e+01 5.758669873903995651e+00
-2.946144932550748941e+00 -2.242325031020296233e+00
6.578698395403436150e-01 -7.027800236959449443e+00
-1.748910900557684389e+00 1.011735974884986966e+01
2.526934692886713574e+00 1.796245782567281957e+00
-7.912472389908792536e+00 1.121800947291320227e+01
-7.113974543131713624e+00 9.611623777221993237e+00
-1.057528007593903752e+01 7.026827193622101397e+00
8.090271345001127656e+00 -4.122045606639172632e+00
2.112901861364413936e+00 2.737402860523325376e+00
-4.068972416156529270e+00 -7.245588053684651975e+00
-6.588586715703827146e+00 2.705041099799037951e+00
-4.255780125970287098e-01 -2.821505166510802187e+00
4.833840055832300919e+00 2.540339546957388617e+00
-3.777313631828167040e+00 -6.006007595086946260e+00
2.616308693440384303e+00 -2.687916842790309513e+00
4.960243126575121231e-01 7.881494863138588158e+00
2.511641200373897931e+00 -4.311334998766183979e+00
8.033059490988641027e-01 -4.763224764076938733e+00
8.042610779743618821e+00 -2.807893748016104141e+00
1.036353734868093124e+00 1.538662873397159903e+00
7.962523418685121257e-01 -9.792744775682693970e+00
-7.232105319916643182e+00 -2.261751377845458322e+00
1.597159166657653229e+00 -6.888960714288533405e-01
-4.785737365755084127e+00 -6.742121595608504769e+00
-2.007787722496717997e+00 -2.342380223398615513e+00
2.564182287963783224e+00 -1.631592310791590617e+00
3.013538282146647873e+00 -2.973248848602026762e+00
-1.279788346071341731e+00 -1.740231898213097095e+00
-3.911834834510448555e+00 3.125593282168650955e+00
-4.067979985472534921e+00 -2.608207549853094775e+00
-3.655982297409862136e-01 -6.486898279783699373e+00
-1.624674791602495727e+00 -3.556531798713942649e+00
-1.940770962411247913e+00 -2.996400133554530942e-01
-3.999568115703323379e+00 -1.100378899101777996e+00
6.543343761760896271e+00 -1.289927912724355696e-01
5.726310865096123415e+00 1.732472210033803695e+00
3.870803049094082127e+00 -3.872294843854129365e+00
5.245358254275636067e-01 6.695646130773795779e-01
-3.063128694374678496e+00 -4.114141621471408605e+00
-7.451326939536491167e+00 7.480698184758160174e+00
-4.862014446762488618e+00 6.731105366111500565e+00
-2.337465868289267501e+00 -4.312466498623669153e+00
3.112595701524988101e+00 -3.155959708734285663e+00
2.842294594621384451e+00 -1.664058824261047898e+00
2.402122480588933850e+00 -4.840930319535524440e+00
4.156755289923841801e+00 2.439863413315022989e+00
-4.598253450313309010e+00 1.321467860507370773e+01
2.700615132002470276e+00 1.145233535265269431e+01
8.001339093743794706e+00 -9.441739010889189654e-01
-2.061358773022714530e+00 -2.017295917104005909e+00
-9.150142752139050373e+00 -3.479175596747736687e+00
1.233830119899852917e+00 7.629787804424042363e+00
-3.863859414891010591e+00 4.410282996815053203e+00
-6.262966707516595122e+00 -2.931600126055661892e+00
-2.288202971447629963e+00 1.859055407487467448e+00
2.286548233604056346e+00 4.811708724071726451e+00
3.854184802024683165e+00 1.215841077012458582e+00
1.951824717543111820e+00 7.942653455487662661e+00
-2.554630906161315274e+00 3.873641595335810539e+00
-9.040719632491256874e+00 2.056671214488043020e+00
-2.416247712395537039e+00 1.285591215755012631e-02
5.200431225268515867e+00 8.232190476319880545e-01
4.425937706044636322e+00 7.368824075692024245e+00
1.945469844328602704e+00 5.855205323102441461e+00
-1.632804888396038656e+00 -4.104941134807021941e-02
-2.613097081992389992e+00 5.214887973231880025e+00
2.070456768967975592e+00 -2.536172309474613140e+00
7.733441682316609667e-01 5.207841944092908903e+00
-1.963399551897659356e-01 -4.744664054248817209e+00
6.595587789370610521e-01 -9.902827955344697841e+00
3.843853221997374892e+00 -2.106637936623402485e+00
